          0           0           0           0           0           0           0           0           0           0           0           0
  0.0409958    0.795451    -1.56809  -0.0712733    0.817978    -1.57431   0.0463246    0.816948    -1.57653  -0.0708494     0.80508    -1.58872
  0.0491707    0.795148    -1.55558  -0.0655206    0.826637    -1.59676   0.0402086    0.827182    -1.59805  -0.0776316    0.804716    -1.57366
  0.0478385    0.794846    -1.54831  -0.0672767    0.866603    -1.70018   0.0426913    0.866664    -1.69514  -0.0727872    0.801446    -1.56438
  0.0507451    0.797086    -1.54827  -0.0670345    0.893248     -1.7542   0.0477779    0.891492       -1.75  -0.0733322    0.803687    -1.56422
  0.0535307    0.797752    -1.54823  -0.0620689    0.886829    -1.75149   0.0482624    0.887495    -1.74822  -0.0696383     0.80399    -1.56418
  0.0618873    0.797147    -1.54835  -0.0543784    0.850617    -1.69667    0.049534    0.856854     -1.6974   -0.063825     0.80405    -1.56418
   0.070365    0.796965    -1.54855  -0.0464457    0.811317    -1.61815   0.0565584    0.821793    -1.62845  -0.0558923    0.805322    -1.56402
  0.0767838    0.798963      -1.549  -0.0409958    0.808592    -1.60382   0.0615239    0.810408    -1.59974  -0.0509874    0.808107    -1.56385
  0.0682456    0.810529    -1.60253  -0.0317309    0.804534    -1.59086   0.0629773    0.811741    -1.60265  -0.0408747     0.82149    -1.61969
  0.0708494     0.84771    -1.69243  -0.0331842    0.807502    -1.54868   0.0884104    0.818038    -1.56511  -0.0402691    0.858186      -1.706
  0.0775105    0.876534    -1.75779  -0.0264626    0.813678    -1.55437   0.0866543    0.818826    -1.58222  -0.0389369    0.885436    -1.76239
  0.0760572    0.878412     -1.7762  -0.0187115    0.819673    -1.55437    0.102883    0.836447    -1.58364  -0.0373625    0.885375       -1.78
  0.0769049     0.85855    -1.74342  -0.0102944    0.820824    -1.55429    0.111664     0.83354    -1.58735   -0.031852     0.86079    -1.74043
  0.0782977    0.832572    -1.69183 -0.00429941    0.819068    -1.55409    0.121534    0.836689    -1.58755  -0.0239798    0.830149    -1.68036
  0.0828999    0.797389    -1.61355 0.000726661    0.812286    -1.55251    0.131162    0.829241    -1.58719 -0.00575273    0.800235     -1.6387
   0.087381    0.786731    -1.59401  0.00284609    0.806109    -1.55037    0.138913     0.82373    -1.58158 -0.00526829    0.800114    -1.64011
   0.119778      0.7877    -1.56188   0.0175004    0.822096    -1.61177    0.129164    0.837113    -1.62982  -0.0131404    0.797752    -1.57706
   0.120928    0.778011    -1.55731   0.0108999    0.858913    -1.70273     0.12765    0.873204    -1.71359  0.00272498     0.78219    -1.57463
   0.132071    0.787216    -1.55901 0.000908326    0.888585    -1.76542    0.122685    0.897184    -1.77011  0.00193776    0.786974    -1.57278
   0.135946    0.789638    -1.56511  -0.0118688    0.902513    -1.79086    0.103367    0.900696    -1.78654   0.0167132    0.784127    -1.57318
   0.147088    0.790183    -1.56515  -0.0238587    0.882772     -1.7584   0.0826577    0.876232    -1.74592   0.0244037    0.783704    -1.57318
   0.152054    0.791636    -1.56535  -0.0313675      0.8531    -1.70491   0.0692144    0.844561    -1.68589   0.0371808     0.78225    -1.57302
   0.165255    0.792908    -1.56567  -0.0305197    0.811377    -1.61864   0.0625534    0.801749    -1.59018   0.0476568    0.785036    -1.57092
   0.173369    0.793877    -1.56773   -0.024222    0.814768    -1.62195   0.0625534     0.80181    -1.59458   0.0509268    0.782129    -1.56381
   0.164891     0.80732    -1.62764  -0.0295509    0.814102    -1.56955    0.095677    0.809621     -1.5624   0.0622506    0.795512    -1.61198
   0.159078    0.844804    -1.71452 -0.00708494    0.797328    -1.55243   0.0955559    0.797086    -1.55897   0.0541362    0.834146     -1.7014
   0.139095    0.871751    -1.77031  -0.0036333    0.804958    -1.55086    0.114812     0.80617    -1.55897   0.0294298    0.868238     -1.7678
   0.108272    0.875202    -1.78016   0.0130193    0.802476    -1.55073    0.126984     0.80399    -1.55889   0.0012111    0.883983    -1.79546
  0.0764205    0.849164    -1.73498   0.0235559    0.801688    -1.55069    0.140488    0.803021    -1.55905  -0.0247065     0.86727    -1.76393
  0.0577695    0.815919    -1.67184   0.0354247    0.800659    -1.55025    0.147754    0.801991    -1.55921  -0.0391791    0.840444    -1.70858
  0.0466274    0.771169    -1.57455   0.0498974    0.799266    -1.55009    0.161076    0.802355    -1.56252  -0.0437813      0.7986    -1.62711
  0.0458402    0.768868     -1.5773   0.0534096    0.790122    -1.54742    0.169433    0.799145    -1.56575  -0.0356669    0.797389    -1.63551
  0.0853221    0.780676     -1.5626   0.0657628    0.797147    -1.59381    0.164225    0.814647    -1.62146   -0.045598    0.807986    -1.57572
  0.0865937    0.778556    -1.55986   0.0553473    0.833419    -1.68807    0.157867     0.84983     -1.7108   -0.028037      0.7877    -1.56361
  0.0969487    0.791515    -1.55998   0.0311253    0.866725    -1.75698    0.141275    0.871932    -1.76663  -0.0207098    0.803626    -1.56111
   0.105124    0.797268    -1.56018  0.00187721    0.878351    -1.79106    0.109968    0.873386    -1.77862 -0.00551051    0.801749    -1.56188
   0.116266    0.802597     -1.5603  -0.0267048    0.856612    -1.76518    0.076481    0.844804    -1.73333  0.00454163    0.810469    -1.56159
   0.126923     0.80732    -1.56038  -0.0465063    0.828272    -1.71443   0.0575273    0.811741    -1.66987   0.0132616    0.811559    -1.56127
   0.142183    0.812467     -1.5626  -0.0601917    0.786368    -1.62405   0.0437208     0.76802    -1.57338   0.0256148    0.818281    -1.56018
    0.15272    0.816646    -1.56991  -0.0527435     0.78546     -1.6211   0.0490496    0.770684    -1.58638   0.0277342    0.815434     -1.5555
    0.14182    0.833359    -1.63483  -0.0549234     0.79091    -1.56696   0.0823549     0.78764    -1.56398   0.0391186    0.830028    -1.59482
   0.138732    0.868117    -1.72126  -0.0332447    0.774499    -1.54904   0.0814466    0.779525    -1.56373   0.0328208    0.865635    -1.68101
   0.122079     0.88695    -1.77459   -0.027492    0.787216    -1.54795    0.101066    0.791333    -1.56523   0.0107788    0.891734    -1.75166
  0.0916198    0.884164    -1.78569 -0.00823549    0.786005    -1.54823    0.116145    0.792363    -1.56579  -0.0174399    0.897184    -1.78609
  0.0592834    0.851101    -1.74108   0.0041783    0.787942    -1.54823    0.132313     0.79418    -1.56878  -0.0439024    0.869026    -1.75807
  0.0394819    0.811741      -1.676   0.0151993    0.787761    -1.54795    0.143334    0.796602    -1.57116  -0.0591017    0.833238    -1.70406
   0.027492    0.760632    -1.57572   0.0322153    0.788185    -1.54734    0.157201    0.799811    -1.57697  -0.0652784     0.78219    -1.61856
  0.0288242     0.76257    -1.58513   0.0386947    0.782492    -1.54452     0.16689    0.798116    -1.57831  -0.0563162     0.78334    -1.62756
  0.0712733    0.775044    -1.57568   0.0503818    0.791818    -1.59474    0.160592    0.813739    -1.63523    -0.06546    0.789456    -1.56789
   0.073635     0.77462    -1.57685    0.040693    0.828151    -1.68702    0.152659    0.847165    -1.71924  -0.0452346    0.771956    -1.55788
  0.0863515    0.787942    -1.57669    0.015381    0.862243    -1.75795    0.130859     0.86842    -1.77374  -0.0359091    0.786792    -1.55715
  0.0954348    0.795633    -1.57706  -0.0166526     0.87387    -1.79304   0.0957375    0.869026     -1.7846  -0.0176215    0.786792    -1.55756
   0.106516    0.801083    -1.57738  -0.0491707    0.852797    -1.76651   0.0566795    0.838809     -1.7347  -0.0066005    0.796238    -1.55752
   0.117113    0.805261    -1.57762  -0.0722422    0.822762    -1.71431   0.0322758    0.802536    -1.66603  0.00139277    0.797873    -1.55731
   0.129527    0.808834    -1.57855  -0.0893187    0.781402    -1.62554   0.0123532    0.755969    -1.56551   0.0113844    0.801265    -1.55699
   0.136309    0.809621    -1.58174  -0.0815071    0.781221    -1.62586   0.0175004    0.760995    -1.58339  0.00993103    0.799569    -1.55001
    0.12438    0.824154    -1.63967  -0.0938603    0.790365    -1.57689   0.0457796    0.782735    -1.55986   0.0180454    0.809863    -1.58303
   0.116992    0.859276    -1.72574   -0.079751    0.769594    -1.55053   0.0394819     0.77238    -1.55816  0.00950714     0.84765    -1.67511
  0.0954953    0.878593    -1.77923   -0.081931    0.781524    -1.54948   0.0524407    0.782795     -1.5576  -0.0168949     0.87605    -1.75089
  0.0600706    0.875626     -1.7909  -0.0728477    0.779586    -1.54997   0.0553473    0.780131    -1.55764  -0.0489285    0.884164    -1.78908
  0.0183482     0.84002    -1.74265   -0.071455    0.780191    -1.55009    0.057164    0.780131    -1.55776  -0.0849587    0.857217    -1.76094
 -0.0147754    0.793392    -1.66712  -0.0710916    0.780252    -1.54993   0.0544996    0.779283    -1.55776   -0.109544    0.823549     -1.7104
 -0.0463246    0.755364    -1.59123  -0.0718183    0.781221    -1.55009   0.0525012    0.780494    -1.55792   -0.141275    0.772622    -1.62606
 -0.0391186    0.780736    -1.61169  -0.0761177    0.780858    -1.54847   0.0520774    0.784733    -1.55772   -0.149268    0.764629     -1.6064
 -0.0275526    0.775953    -1.58198  -0.0715155    0.790789    -1.59312   0.0391186    0.800962    -1.62251    -0.18003    0.756817    -1.56721
 -0.0377864    0.783401    -1.57322  -0.0795693    0.825184    -1.68254   0.0328814    0.834328    -1.71003   -0.182634    0.749127    -1.54734
 -0.0342136    0.790607     -1.5727  -0.0943448    0.853039    -1.75093    0.023132     0.85425    -1.76155   -0.191596     0.76693    -1.55005
  -0.040148    0.800417    -1.57274   -0.105729    0.856733     -1.7762  0.00744827    0.851404    -1.77233   -0.192989    0.772743    -1.55489
 -0.0440841    0.803929    -1.57274   -0.118627    0.836144    -1.74487  -0.0131404    0.823367    -1.72889   -0.197954    0.782069     -1.5553
 -0.0502001    0.809318    -1.57233   -0.130496    0.810529     -1.6955  -0.0303986    0.790365    -1.66147   -0.200437     0.78225    -1.55578
 -0.0521985    0.806593    -1.57237   -0.148239    0.773228    -1.61383  -0.0506846    0.756938     -1.6144   -0.204918    0.782614    -1.55622
 -0.0524407    0.804958    -1.57221   -0.157322    0.760814     -1.5909  -0.0440841    0.761722    -1.61779   -0.211034    0.778375    -1.55255
 -0.0581329    0.814768    -1.63099   -0.187478    0.769534    -1.55978  -0.0289453    0.768504    -1.57342   -0.204616    0.790183    -1.59712
 -0.0520168    0.855461    -1.72299   -0.187842    0.759845    -1.54726  -0.0419041    0.763478    -1.57189   -0.201285    0.834509     -1.6934
 -0.0469302    0.882166    -1.77842   -0.188811    0.777103    -1.54767  -0.0393608    0.767293    -1.57108   -0.193595    0.863394     -1.7561
 -0.0407536    0.889069    -1.79493   -0.187781    0.781584    -1.55711  -0.0443263    0.767172     -1.5714   -0.175549    0.867451    -1.77277
  -0.037423    0.862062    -1.75723   -0.191536    0.784794    -1.55949  -0.0486863    0.767111     -1.5714   -0.154779    0.841352    -1.72856
 -0.0362725    0.827061    -1.69486   -0.195351    0.786792    -1.56079  -0.0560134    0.766385    -1.57136   -0.142002    0.808047    -1.66296
 -0.0443869    0.791818     -1.6215   -0.203526    0.789456    -1.56131  -0.0617662    0.769352    -1.57023   -0.132555    0.764205    -1.56866
 -0.0477174    0.802597    -1.62796   -0.208249    0.789699    -1.56115  -0.0626745    0.766264    -1.55986   -0.133161    0.769836    -1.57932
 -0.0399663    0.805685    -1.58287   -0.199166    0.804111    -1.61545  -0.0760572    0.778132    -1.60737   -0.164346    0.786792    -1.55651
 -0.0515929    0.792545    -1.56309   -0.194261    0.840383     -1.7037  -0.0682456    0.816161    -1.69453    -0.16477    0.779707     -1.5536
 -0.0517746    0.801749    -1.56111   -0.180757    0.869086    -1.76248  -0.0505635    0.849769    -1.75969   -0.179243    0.797692     -1.5555
 -0.0626139    0.805927    -1.56087   -0.156595    0.874173    -1.77858  -0.0309436    0.865574    -1.78629   -0.187418    0.800962     -1.5605
 -0.0707889    0.807623    -1.56087   -0.129891    0.847408    -1.73551  -0.0133827    0.849709    -1.75319   -0.196925    0.802597    -1.56248
 -0.0796905    0.808531    -1.56038   -0.115055    0.813921    -1.67362  -0.0053894    0.821369    -1.69441   -0.201467    0.804111    -1.56587
 -0.0869571    0.806714     -1.5603    -0.10585    0.770684    -1.57467 -0.00829604     0.78219    -1.61363    -0.21061    0.805382    -1.56781
 -0.0897426    0.799993     -1.5561   -0.105305    0.774196    -1.58646  -0.0160471    0.783885    -1.61993   -0.217817    0.802415    -1.56821
  -0.099492    0.807138    -1.60649   -0.143697     0.79206    -1.57257 -0.00520774    0.796723    -1.56575   -0.212245    0.817917    -1.62558
  -0.084111    0.844561    -1.69239   -0.141578    0.789699    -1.56874  -0.0205282    0.781402    -1.55748   -0.203889     0.85425    -1.71076
 -0.0611606    0.873386    -1.76215   -0.149268     0.80623    -1.56809  -0.0239798    0.798782    -1.55622   -0.180999    0.873446    -1.76881
 -0.0321547    0.879623    -1.79263   -0.153568    0.813618    -1.56934  -0.0346375    0.797995    -1.55626   -0.146664    0.869813    -1.78084
-0.00012111     0.85528    -1.76478   -0.163499    0.822822    -1.57064  -0.0436602    0.807381    -1.55618   -0.110634    0.837416    -1.73175
  0.0200437    0.821732    -1.71234   -0.173248    0.826637     -1.5712  -0.0516535    0.808047    -1.55598  -0.0863515    0.800417    -1.66321
  0.0356064    0.777345    -1.61948   -0.188326    0.830937    -1.57169  -0.0620689    0.813739    -1.55344  -0.0685483    0.757241    -1.57875
  0.0284609    0.774136    -1.61957   -0.197107    0.833298    -1.57249  -0.0653389    0.808349    -1.53725  -0.0796299    0.766688     -1.5989
  0.0343953    0.783946    -1.57383   -0.182876    0.847589      -1.632  -0.0749672    0.815434     -1.5643   -0.112572    0.786307    -1.57746
  0.0161682    0.763115    -1.54581   -0.180333    0.880652    -1.72368  -0.0678822    0.851586    -1.65509   -0.115176     0.78001    -1.57621
 0.00871993    0.778375    -1.54597    -0.16144    0.899909    -1.78101   -0.042873    0.880471    -1.73187   -0.137097    0.792484    -1.57706
-0.00987048    0.778072    -1.54609    -0.12874    0.894943    -1.79061  -0.0144121    0.884346    -1.76296   -0.151509    0.792726     -1.5771
 -0.0225265     0.78007    -1.54613  -0.0937392     0.85746    -1.74322   0.0121716    0.855704    -1.73313     -0.1658    0.792545    -1.57734
 -0.0354853    0.780252    -1.54601  -0.0726661    0.817191    -1.67673   0.0277948      0.8204    -1.68016   -0.171674     0.79315    -1.57915
 -0.0493524      0.7811    -1.54605  -0.0585567     0.77347    -1.58428   0.0308225    0.778859    -1.60305    -0.18439    0.795391    -1.58041
 -0.0529251     0.77565    -1.54395  -0.0604945    0.780131    -1.60225   0.0221632    0.779162    -1.61072   -0.190809    0.793998    -1.58085
 -0.0594651    0.785278    -1.59272  -0.0988259    0.805927      -1.597   0.0314281    0.801446    -1.55929   -0.185965     0.81168    -1.64213
  -0.044508     0.82803    -1.67935  -0.0971909    0.810045    -1.59555   0.0195593    0.789517    -1.55049   -0.177063    0.851767    -1.72925
 -0.0191354    0.863031    -1.75404   -0.101551    0.830452    -1.59542   0.0171371     0.81495    -1.55086   -0.151509    0.874597    -1.78532
  0.0148965    0.875444    -1.79065   -0.102035    0.841715    -1.59688   0.0117477    0.818159    -1.55756   -0.112148    0.876777    -1.79861
   0.056074    0.858852    -1.77212   -0.102822    0.856551    -1.59732  0.00950714    0.838445      -1.558  -0.0638856    0.847226    -1.74689
  0.0876837    0.835478    -1.72671   -0.103549    0.859337    -1.59736   0.0083566    0.838143    -1.55893  -0.0265231    0.812649    -1.67394
    0.12547    0.802233    -1.64258   -0.107546    0.864726    -1.59744   0.0125349    0.843895    -1.55679 -0.00720605    0.794664     -1.6408
   0.143031    0.794543    -1.61977   -0.110574    0.865513    -1.59728   0.0187721    0.836508     -1.5312  -0.0230109    0.813073    -1.65505
   0.166648    0.816948    -1.58896  -0.0976148    0.883922    -1.66127   0.0150782    0.851525    -1.57035  -0.0370597     0.83027     -1.6108
   0.176881    0.825244    -1.55102  -0.0932548    0.914442    -1.74693   0.0273709    0.891249    -1.66514   -0.035243    0.830815    -1.61561
   0.175791     0.83463    -1.55291  -0.0685483     0.92401    -1.79667   0.0529857    0.908144    -1.74334  -0.0523196    0.834207    -1.61387
   0.168101    0.840262    -1.55655  -0.0350008    0.908084    -1.80761   0.0766627    0.897547    -1.77753  -0.0509874    0.832874    -1.61436
   0.168646    0.849648    -1.55703  0.00357275    0.853584    -1.75747    0.100037    0.852555    -1.74568  -0.0514718    0.836931     -1.6148
   0.158654    0.855037    -1.55776   0.0286425    0.799508    -1.68218    0.119717    0.806593    -1.69518  -0.0362119    0.837355    -1.61549
   0.157443    0.864908      -1.558   0.0508057    0.792908    -1.64609     0.14618    0.750398    -1.60951  -0.0399058    0.848498    -1.61488
    0.15926    0.871387    -1.55465   0.0343953    0.835175     -1.6544    0.154113    0.745978    -1.58586  -0.0391791    0.860851     -1.6129
   0.155505    0.882045    -1.58836   0.0234954    0.834328    -1.62066    0.168525    0.761964    -1.54973   -0.029127    0.881318    -1.67184
    0.15605    0.910324    -1.67487   0.0287637    0.847831    -1.60838    0.165618    0.757241    -1.53039  -0.0281581    0.911172    -1.75529
   0.156232    0.916864     -1.7521   0.0210126    0.859821    -1.60717    0.169433    0.787579    -1.53858  -0.0179243    0.914866    -1.81027
   0.155566    0.892218    -1.77943   0.0210126    0.877685    -1.60544    0.167495    0.800841    -1.54242 0.000787216    0.890825    -1.82222
   0.155324    0.837719     -1.7458   0.0214365    0.888464     -1.6054     0.16798    0.816222    -1.54371   0.0218604    0.839899    -1.77188
   0.156595    0.789396    -1.68904   0.0241009    0.898153    -1.60527    0.167495    0.818947    -1.54569   0.0392397    0.790667    -1.69469
   0.159441    0.734412    -1.59942   0.0210126    0.902997    -1.60531     0.16695    0.830634     -1.5475   0.0572245    0.758755    -1.64423
   0.161319    0.723391    -1.58497    0.018651    0.904027    -1.60519    0.170947     0.83027    -1.54173   0.0474146    0.772077    -1.64839
   0.180817    0.747552    -1.55477   0.0262809    0.923767    -1.66999    0.164286    0.844138    -1.58578   0.0294903    0.790486    -1.59417
   0.176881    0.745251     -1.5475   0.0176215    0.952894    -1.75452    0.163135    0.876777    -1.67507   0.0366964    0.791818    -1.59478
    0.17567    0.767959    -1.54864   0.0171976    0.955801    -1.80781    0.158957     0.88913    -1.74455   0.0282187    0.803687    -1.59324
   0.171371    0.781947    -1.55243   0.0171976    0.934304    -1.82868    0.149087    0.875323    -1.76946   0.0330025    0.813254    -1.59332
   0.170886    0.792605    -1.55312   0.0174399    0.876534    -1.79081    0.138187     0.83021    -1.72965   0.0346375     0.82476    -1.59337
    0.17125    0.803747    -1.55372   0.0175004    0.823428    -1.72683    0.131768    0.784309     -1.6714   0.0387552    0.831905    -1.59332
    0.17349    0.817857     -1.5559   0.0235559    0.775589     -1.6381    0.128195    0.729688    -1.57253   0.0399663    0.843048    -1.59308
   0.177184    0.827243    -1.55958   0.0273709    0.797147    -1.64778    0.126136     0.73641    -1.57726   0.0375441    0.848437    -1.58473
   0.168161    0.843774    -1.61464   0.0133827    0.817191     -1.6037    0.150843    0.761783    -1.53568   0.0492918    0.867512    -1.63115
     0.1615    0.875868    -1.69946   0.0247065    0.813012    -1.58763    0.145635    0.756938    -1.53265   0.0429941     0.89676     -1.7152
   0.149208     0.88477    -1.76143   0.0217393    0.828454    -1.58489    0.156838    0.777406    -1.53564   0.0284003    0.907963    -1.77963
   0.129648    0.866664    -1.77434   0.0273709     0.83784    -1.58368    0.159563    0.791757    -1.53899   0.0146543    0.892037    -1.80285
   0.107061    0.816767    -1.73046   0.0314886    0.850072    -1.58364    0.165558    0.802536    -1.54375  0.00193776    0.845349    -1.76486
  0.0944659    0.770139    -1.66587   0.0368175    0.856794    -1.58303    0.170462    0.813557    -1.54589 -0.00544996    0.796905    -1.70325
  0.0855643    0.717456    -1.56967    0.042328    0.863818    -1.58311    0.175428    0.826879    -1.55344 -0.00333053    0.757604    -1.63624
  0.0816888     0.72654    -1.58933   0.0423885    0.869147    -1.58109    0.182029    0.831482    -1.55235  0.00254331    0.770503    -1.64625
   0.114267    0.760511    -1.57459   0.0516535    0.882529    -1.63156    0.174459    0.845773     -1.5991  -0.0138066    0.798842    -1.58977
   0.111906    0.759845    -1.56769    0.042873    0.909961    -1.72017    0.168525    0.875687     -1.6871 -0.00611606    0.784006    -1.57056
   0.116629     0.78661    -1.56773   0.0252515    0.919529    -1.78641    0.150479    0.883498    -1.75246 -0.00211943    0.814526    -1.56991
   0.118748    0.801628    -1.56781  0.00551051     0.90118    -1.81689    0.124198    0.864363    -1.77107   0.0041783    0.820339    -1.57023
   0.123593    0.814405     -1.5683  -0.0171976    0.847589    -1.78266   0.0941026    0.810408    -1.72396   0.0107788    0.841352    -1.57011
   0.127771    0.828393    -1.56834  -0.0322758    0.797692    -1.72711   0.0744827    0.762328    -1.65921   0.0154415    0.843653    -1.57007
   0.135825    0.843835    -1.56894  -0.0443869    0.742829    -1.62792   0.0605551    0.711461    -1.56297   0.0225265    0.865029    -1.56918
   0.142849    0.854916    -1.57213  -0.0371203    0.749914     -1.6253   0.0647939    0.721816    -1.58101   0.0232531    0.866785    -1.56385
   0.133524    0.873143    -1.63931  -0.0508057    0.772198    -1.58105   0.0970698    0.756938    -1.55255   0.0315492    0.887132    -1.60301
   0.130981    0.903542    -1.72663  -0.0369991    0.765961    -1.56721   0.0901665    0.755969    -1.55114   0.0263415     0.91529    -1.69276
   0.116387    0.904995    -1.78274  -0.0347586    0.787216    -1.56519    0.100521    0.769473    -1.55146  0.00890159    0.923889    -1.76401
  0.0900454    0.878896    -1.79481  -0.0233137    0.792666    -1.56515    0.105245    0.778072     -1.5515  -0.0133221     0.90227    -1.79655
   0.059344    0.817614    -1.74843  -0.0176215    0.802536    -1.56527     0.11021    0.783885    -1.55243  -0.0414802    0.844864    -1.76833
  0.0378469    0.755122    -1.67935  -0.0162288    0.800356    -1.56527     0.11457    0.786429    -1.55279   -0.061645    0.787761    -1.71423
  0.0113238    0.697291    -1.58792   -0.012656    0.806048    -1.56547    0.116326    0.788306    -1.55352  -0.0838688    0.704498    -1.61771
  0.0187115     0.72878    -1.61202  -0.0129588    0.804171    -1.56377    0.120686    0.788972    -1.55316  -0.0867148    0.696262    -1.58941
  0.0317914    0.722119     -1.5911 -0.00993103     0.82155    -1.60426    0.104094    0.810651     -1.6062   -0.111179    0.682758    -1.55211
  0.0233137    0.732353    -1.58517  -0.0187115    0.850072    -1.69005   0.0953137    0.839414    -1.68856   -0.112875    0.671495    -1.52013
  0.0273103      0.7375    -1.58469  -0.0389369    0.873749    -1.75916   0.0784794     0.85637    -1.74883   -0.118688    0.684757    -1.52268
  0.0245248    0.746583    -1.58469  -0.0623112    0.871569    -1.78775    0.052804    0.849285    -1.76583   -0.117174    0.691478    -1.52381
  0.0228898    0.748824    -1.58469  -0.0859276    0.840504    -1.75864   0.0213759    0.814284    -1.71936    -0.12002    0.696444    -1.52417
  0.0189537    0.751609    -1.58452   -0.103065    0.806048    -1.70709  -0.0017561    0.774015    -1.65033   -0.122018    0.697473    -1.52352
  0.0167132    0.750035     -1.5846   -0.125773    0.756696    -1.62074  -0.0273709    0.726418    -1.57169   -0.126015    0.698139    -1.52328
  0.0173793    0.739983    -1.58452   -0.129224    0.743556    -1.60152  -0.0207098     0.72654    -1.58901   -0.131404     0.68948    -1.52013
 0.00744827    0.755727    -1.64714   -0.154537    0.736955    -1.56963 -0.00278553    0.731323    -1.54944   -0.126318    0.703165    -1.55917
 0.00890159    0.797147    -1.73268   -0.153447    0.719515    -1.55142  -0.0172582    0.716972    -1.55009   -0.127287    0.751186    -1.65202
  0.0059344    0.836992    -1.78512   -0.151569    0.728296    -1.55098  -0.0139277    0.718425    -1.54904   -0.129951    0.799327      -1.724
0.000605551    0.863757    -1.79792   -0.148178    0.724541    -1.55594   -0.016471    0.712067    -1.55009    -0.12874      0.8313    -1.75109
 -0.0104155    0.856006    -1.75646    -0.14842    0.721453    -1.55832  -0.0173187    0.705224    -1.55033   -0.128498    0.830452    -1.71359
 -0.0176215    0.828757    -1.68698   -0.149389    0.715821    -1.55857  -0.0192565    0.699835    -1.55025   -0.128619    0.812709    -1.65634
 -0.0299142     0.79533    -1.62284    -0.15169    0.708373    -1.55861  -0.0194987     0.69384    -1.55013   -0.128619    0.778859    -1.57043
 -0.0272498    0.800538    -1.62974   -0.156474    0.699411    -1.55719  -0.0183482    0.687784    -1.54928   -0.128679    0.776013    -1.57411
 -0.0154415    0.785339    -1.59203    -0.14842    0.710492    -1.60265  -0.0311253    0.700622     -1.6041   -0.152841    0.768383    -1.54722
  -0.024767    0.773954    -1.57754   -0.146785    0.755727    -1.68949  -0.0279764    0.745372    -1.69106   -0.151933    0.756878    -1.54343
 -0.0237981    0.771229    -1.57641   -0.144848    0.805322    -1.75295  -0.0184087    0.794785    -1.75424    -0.15926    0.760874    -1.54613
 -0.0306409    0.770381    -1.57625   -0.137702    0.840383    -1.77241  -0.0122927    0.830755    -1.77463     -0.1615    0.759663    -1.55203
 -0.0337292    0.764144    -1.57629   -0.127226    0.843229    -1.73595  -0.0100521    0.838203    -1.73769   -0.165981    0.753426    -1.55473
 -0.0369386     0.75712    -1.57601   -0.122018    0.828635    -1.67491   -0.010476    0.825184     -1.6762    -0.16695     0.74731    -1.55752
 -0.0381497    0.741921    -1.57572   -0.119778    0.797207     -1.5888  -0.0171371    0.791091    -1.60338   -0.171795    0.735865     -1.5584
 -0.0389975    0.726358    -1.57233   -0.119778     0.79097    -1.59789  -0.0222843    0.785157    -1.61367   -0.178637    0.721453     -1.5576
  -0.050079    0.728659    -1.61747   -0.149329    0.788306     -1.5731  -0.0118082    0.777103    -1.57064   -0.171431    0.732111    -1.60939
 -0.0399663     0.77565    -1.70604   -0.143758      0.7702    -1.56236  -0.0233743    0.754819    -1.56034   -0.165073    0.779525    -1.70402
 -0.0279764    0.825184    -1.76914   -0.148723    0.770926    -1.56228  -0.0208309    0.758331    -1.55901   -0.154537    0.824154    -1.76199
 -0.0119899    0.861941    -1.79509   -0.149208    0.766143    -1.56422  -0.0253726    0.750277    -1.55905   -0.132918    0.853645    -1.77632
 0.00429941    0.869873    -1.76239   -0.155566    0.762085    -1.56494  -0.0291875    0.742526    -1.55901   -0.107243    0.853342    -1.73296
  0.0141699    0.857641    -1.70503   -0.161561    0.754819    -1.56511   -0.035243    0.734715    -1.55865  -0.0895004    0.838566     -1.6666
  0.0187115    0.825789    -1.61254   -0.173369    0.742889    -1.56515  -0.0439024    0.723088    -1.55727  -0.0765416    0.806291    -1.58731
   0.014291     0.81495     -1.6127   -0.178577    0.731081    -1.56494  -0.0468696    0.706496    -1.54561  -0.0827182    0.804413    -1.60858
  0.0270076    0.803202    -1.57112    -0.16471    0.740952    -1.62393  -0.0548629    0.714186    -1.59171   -0.112087    0.802718    -1.58335
  0.0118688    0.779525     -1.5517    -0.16471    0.785278    -1.71375  -0.0495946    0.760935    -1.68081   -0.110876    0.785702    -1.58642
 0.00817493    0.776255    -1.55174   -0.151267    0.833843    -1.77354  -0.0294298    0.813799     -1.7498   -0.128437    0.784551    -1.58553
-0.00532885    0.769594    -1.55211   -0.128498    0.869389    -1.79033 -0.00666106    0.856067    -1.77858    -0.13637     0.77129    -1.58549
 -0.0118688     0.75718    -1.55207   -0.101066    0.875384     -1.7517   0.0108999    0.869873    -1.75044   -0.146846    0.759179    -1.58549
 -0.0205282    0.747552    -1.55182  -0.0834449    0.860548    -1.68888   0.0207704    0.861577     -1.6957   -0.147633    0.747068    -1.58578
 -0.0273709    0.730173    -1.55142  -0.0710916    0.828696    -1.59841   0.0207704    0.830634    -1.61948   -0.157019    0.732111    -1.58578
 -0.0313675     0.71237    -1.54629    -0.07309    0.823246    -1.60685    0.014836     0.82258    -1.62715   -0.161682     0.71891    -1.58557
 -0.0411774    0.716427    -1.59466   -0.110695    0.811014    -1.58913   0.0213154    0.808228    -1.58012   -0.156293     0.72987    -1.64843
 -0.0301564    0.766627    -1.68178    -0.10694    0.802415    -1.58376  0.00641884    0.784188    -1.57043   -0.152659    0.776619      -1.737
 -0.0141093    0.823549    -1.75238   -0.114812    0.799327    -1.58343   0.0053894    0.786731    -1.56914   -0.138792    0.825729     -1.7938
 0.00890159    0.867209    -1.78617   -0.117416    0.797752    -1.58432 -0.00490496    0.776013    -1.56922    -0.11124    0.864847     -1.8045
  0.0328814    0.881561    -1.76147   -0.126621    0.791091    -1.58424  -0.0105366    0.772259     -1.5691  -0.0785399    0.873567    -1.75694